5.000000000000000000e+01
4.800000000000000000e+01
4.607999999999999829e+01
4.423679999999999524e+01
4.246732799999999486e+01
4.076863487999999336e+01
3.913788948479999874e+01
3.757237390540799282e+01
3.606947894919166231e+01
3.462669979122399866e+01
3.324163179957503900e+01
3.191196652759204255e+01
3.063548786648835431e+01
2.941006835182882284e+01
2.823366561775566552e+01
2.710431899304543890e+01
2.602014623332361865e+01
2.497934038399067447e+01
2.398016676863104735e+01
2.302096009788580488e+01
2.210012169397037241e+01
2.121611682621155381e+01
2.036747215316308868e+01
1.955277326703656726e+01
1.877066233635510173e+01
1.801983584290089624e+01
1.729904240918486025e+01
1.660708071281746712e+01
1.594279748430476928e+01
1.530508558493257709e+01
1.469288216153527316e+01
1.410516687507386280e+01
1.354096020007090573e+01
1.299932179206806993e+01
1.247934892038534649e+01
1.198017496356993306e+01
1.150096796502713481e+01
1.104092924642604778e+01
1.059929207656900552e+01
1.017532039350624729e+01
9.768307577765995120e+00
9.377575274655354676e+00
9.002472263669142549e+00
8.642373373122374858e+00
8.296678438197480077e+00
7.964811300669580874e+00
7.646218848642796218e+00
7.340370094697085790e+00
7.046755290909201719e+00
6.764885079272832336e+00
6.494289676101919540e+00
6.234518089057842438e+00
5.985137365495527995e+00
5.745731870875706804e+00
5.515902596040677786e+00
5.295266492199051100e+00
5.083455832511088346e+00
4.880117599210645807e+00
4.684912895242218767e+00
4.497516379432529021e+00
4.317615724255229104e+00
4.144911095285019442e+00
3.979114651473618647e+00
3.819950065414673190e+00
3.667152062798086476e+00
3.520465980286162644e+00
3.379647341074716760e+00
3.244461447431727930e+00
3.114682989534458546e+00
2.990095669953080293e+00
2.870491843154956868e+00
2.755672169428758256e+00
2.645445282651607943e+00
2.539627471345543341e+00
2.438042372491721732e+00
2.340520677592052845e+00
2.246899850488370376e+00
2.157023856468835987e+00
2.070742902210081837e+00
1.987913186121678555e+00
1.908396658676811519e+00
1.832060792329738952e+00
1.758778360636549465e+00
1.688427226211087318e+00
1.620890137162643851e+00
1.556054531676137831e+00
1.493812350409092105e+00
1.434059856392728483e+00
1.376697462137019379e+00
1.321629563651538719e+00
1.268764381105477179e+00
1.218013805861257737e+00
1.169293253626807472e+00
1.122521523481735173e+00
1.077620662542465579e+00
1.034515836040767134e+00
9.931352025991362353e-01
9.534097944951709369e-01
9.152734027153639484e-01
8.786624666067494038e-01
8.435159679424794055e-01
8.097753292247802381e-01
7.773843160557889487e-01
7.462889434135573374e-01
7.164373856770150928e-01
6.877798902499344669e-01
6.602686946399370926e-01
6.338579468543396045e-01
6.085036289801658560e-01
5.841634838209591729e-01
5.607969444681207838e-01
5.383650666893959880e-01
5.168304640218202017e-01
4.961572454609473604e-01
4.763109556425094149e-01
4.572585174168090072e-01
4.389681767201366047e-01
4.214094496513311472e-01
4.045530716652778747e-01
3.883709487986667930e-01
3.728361108467200813e-01
3.579226664128512536e-01
3.436057597563372257e-01
3.298615293660837056e-01
3.166670681914403596e-01
3.040003854637826630e-01
2.918403700452313898e-01
2.801667552434221609e-01
2.689600850336852922e-01
2.582016816323378094e-01
2.478736143670443315e-01
2.379586697923625205e-01
2.284403230006679941e-01
2.193027100806413110e-01
2.105306016774156075e-01
2.021093776103189965e-01
1.940250025059062355e-01
1.862640024056699539e-01
1.788134423094431824e-01
1.716609046170654296e-01
1.647944684323827957e-01
1.582026896950874950e-01
1.518745821072839675e-01
1.457995988229926210e-01
1.399676148700728928e-01
1.343689102752699815e-01
1.289941538642591923e-01
1.238343877096887979e-01
1.188810122013012477e-01
1.141257717132491967e-01
1.095607408447192288e-01
1.051783112109304641e-01
1.009711787624932161e-01
9.693233161199349412e-02
