-1.157582306070029876e+00
-1.182509787468440710e+00
-1.208503087405807364e+00
-1.235588034615594744e+00
-1.263768931049162880e+00
-1.293081539981793204e+00
-1.323557946029030763e+00
-1.355237558367177408e+00
-1.388156740638433417e+00
-1.422352034109460650e+00
-1.457869823339989601e+00
-1.494749245914654079e+00
-1.533033300300297386e+00
-1.572766357985726504e+00
-1.613993723586580664e+00
-1.656763166485924810e+00
-1.701122794174423580e+00
-1.747122599141999855e+00
-1.794789653763162907e+00
-1.844248824821063559e+00
-1.895486117128052816e+00
-1.948580531250056591e+00
-2.003590981533915460e+00
-2.060578434045229113e+00
-2.119605996687136340e+00
-2.180739009610220158e+00
-2.244045135972282612e+00
-2.309594452303071588e+00
-2.377459540113373571e+00
-2.447715577172612456e+00
-2.520440428911534525e+00
-2.595714741236326173e+00
-2.673622032428730755e+00
-2.754248786457532905e+00
-2.837692988237921377e+00
-2.924030895904208283e+00
-3.013367263682980024e+00
-3.105800566244479644e+00
-3.201433503654893542e+00
-3.300372292394565310e+00
-3.402726754313660340e+00
-3.508610402074802792e+00
-3.618140522625397093e+00
-3.731438255995030318e+00
-3.848628670830473997e+00
-3.969840833390715584e+00
-4.095207873418067912e+00
-4.224867035474326293e+00
-4.358959731850598374e+00
-4.497631578450308254e+00
-4.641032423297423826e+00
-4.789316363120608600e+00
-4.942641745335079051e+00
-5.101171159102533714e+00
-5.265071405826591722e+00
-5.434513460729482048e+00
-5.609672409365172641e+00
-5.790727371568686443e+00
-5.977861403959793485e+00
-6.171261384512746417e+00
-6.371117874860692254e+00
-6.577624967227535535e+00
-6.790980107930280951e+00
-7.011383902694460879e+00
-7.239039907174851685e+00
-7.474154394664134671e+00
-7.716936112842202711e+00
-7.967596024459555615e+00
-8.226347038316509597e+00
-8.493368069995694825e+00
-8.769116357913990356e+00
-9.053438798896502604e+00
-9.346717875333606429e+00
-9.649171930456445168e+00
-9.961019532631356199e+00
-1.028247920218426970e+01
-1.061376914683452988e+01
-1.095510702912872070e+01
-1.130670973467646157e+01
-1.166879318020991718e+01
-1.204157213952655248e+01
-1.242526010783475243e+01
-1.282006918049309618e+01
-1.322621001267457430e+01
-1.364389172951264229e+01
-1.407332198224052178e+01
-1.451470696280678574e+01
-1.496825148615143775e+01
-1.543415912025571579e+01
-1.591263233910674124e+01
-1.640387271644796385e+01
-1.690808117257032350e+01
-1.742545822669816147e+01
-1.795620431149833607e+01
-1.850052007621407668e+01
-1.905860677360249511e+01
-1.963066660621158022e+01
-2.021690314087108931e+01
-2.081752169844617129e+01
-2.143272980464999478e+01
-2.206273759372864518e+01
-2.271147997335348379e+01
-2.337191642684674520e+01
-2.404780852821738435e+01
-2.473938119978217287e+01
-2.544686414835368282e+01
-2.617049227889619090e+01
-2.691050610924286701e+01
-2.766715216563436996e+01
-2.844068336383317330e+01
-2.923135937872348933e+01
-3.003944700212987939e+01
-3.086522046999905200e+01
-3.170896180387996921e+01
-3.257096109076084645e+01
-3.345298297477481242e+01
-3.435244289293947162e+01
-3.527108288336980735e+01
-3.620922845887920261e+01
-3.716721422092346216e+01
-3.814538437971605589e+01
-3.914409291622719422e+01
-4.016370393316071841e+01
-4.120459168435123587e+01
-4.226714085453937031e+01
-4.335174669023051308e+01
-4.445881518217638018e+01
-4.558876328031279002e+01
-4.674201895488760528e+01
-4.791902143439809691e+01
-4.912022133323333151e+01
-5.034608082443121901e+01
-5.159707373969254007e+01
-5.287368580837868848e+01
-5.417641474669940749e+01
-5.550577042013694751e+01
-5.686227506700453915e+01
-5.824646334609037268e+01
-5.965888261773633872e+01
-6.110009302410490051e+01
-6.257066775745295217e+01
-6.407119312415588297e+01
-6.560226883635576201e+01
-6.716450814885490672e+01
-6.875853803288995891e+01
-7.038499945678564984e+01
-7.204454750450928202e+01
-7.373785166009164982e+01
-7.546559597686869836e+01
-7.722847942938810206e+01
-7.902721592877759349e+01
-8.086253483971837852e+01
-8.273518104013440677e+01
-8.464591516344316346e+01
