4.739199576599296471e+00
4.647012687544633813e+00
4.558218242030294576e+00
4.472737258033426144e+00
4.390419373715454654e+00
4.311136387493473165e+00
4.234734544214971308e+00
4.161141192738623928e+00
4.090205657526658101e+00
4.021769103523255673e+00
3.955792925471715460e+00
3.892124139392544091e+00
3.830653812404662073e+00
3.771277277256577243e+00
3.713892704675008538e+00
3.658407302229667479e+00
3.604727969944267141e+00
3.552767548089233340e+00
3.502400346173617507e+00
3.453634805545053421e+00
3.406351834173134030e+00
3.360480679837588802e+00
3.315954354723815722e+00
3.272709479418081990e+00
3.230686122419777373e+00
3.189827637236431812e+00
3.150080499055894379e+00
3.111394142623802761e+00
3.073720802634242855e+00
3.037015357664051507e+00
3.001235178442220874e+00
2.966339981041535179e+00
2.932291685406332782e+00
2.899054279484842844e+00
2.866546038454464984e+00
2.834831497199962413e+00
2.803830874363740566e+00
2.773515189757886912e+00
2.743856937864472822e+00
2.714829985828722592e+00
2.686409476587388045e+00
2.658571736908973637e+00
2.631294190115978537e+00
2.604555273259819170e+00
2.578334358526289449e+00
2.552611678680725582e+00
2.527368256232317645e+00
2.502585836535490049e+00
2.478246824038599971e+00
2.454334222209606065e+00
2.430831576665106741e+00
2.407722921576634700e+00
2.384992729311537385e+00
2.362625863314483876e+00
2.340607534264264711e+00
2.318923259566478379e+00
2.297558826265203802e+00
2.276500257474750821e+00
2.255733782445382030e+00
2.235245810384023368e+00
2.215022908151307313e+00
2.195051781950370984e+00
2.175319263109452006e+00
2.155812298040462149e+00
2.136517942428950878e+00
2.117423359678053174e+00
2.098515823590638707e+00
2.079782725230922669e+00
2.061211583859940077e+00
2.042750476276841365e+00
2.024467011801589944e+00
2.006308978241504892e+00
1.988264591073880316e+00
1.970322304903539212e+00
1.952470841442672578e+00
1.934699221859771168e+00
1.916996800625285324e+00
1.899353300357262020e+00
1.881758847150196923e+00
1.864204005858222546e+00
1.846679814799558450e+00
1.829177819353787093e+00
1.811690103957840137e+00
1.794209321857834105e+00
1.776728722600446453e+00
1.759242176092288279e+00
1.741744193592286383e+00
1.724229944860523389e+00
1.706695271340720188e+00
1.689136695144437095e+00
1.671551423691038929e+00
1.653937349923479516e+00
1.636293048086679081e+00
1.618617765120738738e+00
1.600911407783964124e+00
1.583174525679961864e+00
1.565408290417325876e+00
1.547614471178377693e+00
1.529795407015015707e+00
1.511953976223662233e+00
1.494093563177530504e+00
1.476218023552321013e+00
1.458331644867988164e+00
1.440439112061591365e+00
1.422545465328050485e+00
1.404656061048842997e+00
1.386776531806721113e+00
1.368912746607069852e+00
1.351070771637138179e+00
1.333256831865709202e+00
1.315477273754578347e+00
1.297738529320441536e+00
1.280047081752527127e+00
1.262409432757672700e+00
1.244832071771888815e+00
1.227267033177987354e+00
1.209830330469727988e+00
1.192473026334426311e+00
1.175201293632006649e+00
1.158021169741950240e+00
1.140938538244850031e+00
1.123959112684016048e+00
1.107088422285148477e+00
1.090331799674984836e+00
1.073694370408444732e+00
1.057181044281076510e+00
1.040796508308895030e+00
1.024545221277803453e+00
1.008431409758662189e+00
9.924590654823298719e-01
9.766319439688035953e-01
9.609535643054692988e-01
9.454272099713439959e-01
9.300559306069960952e-01
9.148425446331904798e-01
8.997896426252972590e-01
8.848995913548900472e-01
8.701745384146549744e-01
8.556164173476724644e-01
8.412269532070437705e-01
8.270076684771089370e-01
8.129598892923184383e-01
7.990847518949766304e-01
7.853832092779218232e-01
7.718560379627628087e-01
7.585038448691042712e-01
7.453270742342021915e-01
7.323260145468937221e-01
7.195008054632886507e-01
7.068514446755712610e-01
6.943777947084666113e-01
6.820795896213168730e-01
6.699564415964458508e-01
6.580078473973850484e-01
