2.691485913925359075e+00
2.692151926868994405e+00
2.692826441486253053e+00
2.693519551526634803e+00
2.694226310540131841e+00
2.694946955246150910e+00
2.695675282891197622e+00
2.696424752955969062e+00
2.697189305790852032e+00
2.697959524713574364e+00
2.698755824544570636e+00
2.699568884977982641e+00
2.700399341492370819e+00
2.701247861759427327e+00
2.702114915749732837e+00
2.703001684617745148e+00
2.703908695441340271e+00
2.704836729769424686e+00
2.705772287716126545e+00
2.706744804619915179e+00
2.707740856974918842e+00
2.708761340324274070e+00
2.709807181408131260e+00
2.710879339718949677e+00
2.711978809320642725e+00
2.713106620885914033e+00
2.714263843944311194e+00
2.715451589337029681e+00
2.716671011877543673e+00
2.717923313219855252e+00
2.719209744938591022e+00
2.720531611827278873e+00
2.721890275423061389e+00
2.723287157767730449e+00
2.724698058981393167e+00
2.726175871080242175e+00
2.727696572665775587e+00
2.729261870536163759e+00
2.730873554773528333e+00
2.732533504191862139e+00
2.734243692115226665e+00
2.736006192499397027e+00
2.737823186408880449e+00
2.739696968859475668e+00
2.741629956034230542e+00
2.743624692877720594e+00
2.745683861070061571e+00
2.747810287377837835e+00
2.750006952374342006e+00
2.752276999515936406e+00
2.754623744555268594e+00
2.757050685265315160e+00
2.759561511440975057e+00
2.762160115137277216e+00
2.764850601095249161e+00
2.767637297298348731e+00
2.770524765594182259e+00
2.773517812308225139e+00
2.776621498768665486e+00
2.779841151654383946e+00
2.783182373071895643e+00
2.786651050261772955e+00
2.790253364831053684e+00
2.793995801405521728e+00
2.797885155594628248e+00
2.801928541162580721e+00
2.806133396301537353e+00
2.810507488907405094e+00
2.815058920765070916e+00
2.819748064870253312e+00
2.824679731147743844e+00
2.829815066340673368e+00
2.835163524812530866e+00
2.840734896916673247e+00
2.846539305188366065e+00
2.852587199232630599e+00
2.858889349231084065e+00
2.865456838110005844e+00
2.872301052431808888e+00
2.879433672091868068e+00
2.886866658921865447e+00
2.894612244318917949e+00
2.902682916045249417e+00
2.911091404287765361e+00
2.919850667325169624e+00
2.928973876668762077e+00
2.938474402164450883e+00
2.948365797056039295e+00
2.958661783256278266e+00
2.969376236999468510e+00
2.980523175052351537e+00
2.992116741651275724e+00
3.004171196321832049e+00
3.016700902723012501e+00
3.029720318641507593e+00
3.043243987243854143e+00
3.057286529674496656e+00
3.071862639068193346e+00
3.086987076024456211e+00
3.102674665571999224e+00
3.118940295631263293e+00
3.135798921196399469e+00
3.153265549201734075e+00
3.171355265617371799e+00
3.190083223819020652e+00
3.209464653944571033e+00
3.229514869597755578e+00
3.250249275684259587e+00
3.271683377290186101e+00
3.293832789509170134e+00
3.316713248122880930e+00
3.340340621039453950e+00
3.364730920395968550e+00
3.389900315233658201e+00
3.415865144658416952e+00
3.442491762046922865e+00
3.470096006880941886e+00
3.498545824337362387e+00
3.527858371546021665e+00
3.558051046071218693e+00
3.589141500381201055e+00
3.621147656735406617e+00
3.654087721093635999e+00
3.687980198273299148e+00
3.722843906066733766e+00
3.758697989651845095e+00
3.795561935826521349e+00
3.833455587118438146e+00
3.872399155761411471e+00
3.912413237533613586e+00
3.953518825456088681e+00
3.995737323353187431e+00
4.039090559279421733e+00
4.083600798819269073e+00
4.129290758268699513e+00
4.176183617708841389e+00
4.224303033983763278e+00
4.273673153595286323e+00
4.324318625529041782e+00
4.376264614026507793e+00
4.429536811318531164e+00
4.484161450336041632e+00
4.540165317414378343e+00
4.597575765007191784e+00
4.656420724426808100e+00
4.716728718627032357e+00
4.778528875045179092e+00
4.841850938519123737e+00
4.906725284295848866e+00
4.973182931147079877e+00
5.041255554607754874e+00
5.110975500352574308e+00
5.182375797725897293e+00
5.255490173439739898e+00
