6.102385574926012879e+01
6.104551690520960250e+01
6.106660759490944201e+01
6.108739654224218185e+01
6.110778956018397423e+01
6.112799942262114428e+01
6.114826459881543030e+01
6.116833493516440967e+01
6.118842705717329267e+01
6.120883484463112723e+01
6.122911859359372500e+01
6.124956324215520453e+01
6.127020755411031416e+01
6.129108784380473907e+01
6.131224480027973556e+01
6.133369835457791908e+01
6.135548631509072237e+01
6.137763908111366362e+01
6.140021069839198731e+01
6.142350545854514365e+01
6.144692799167865616e+01
6.147083094078191579e+01
6.149524254550814106e+01
6.152019106516704028e+01
6.154570490011303718e+01
6.157181271102260922e+01
6.159854353110115710e+01
6.162592687634925426e+01
6.165399285405608509e+01
6.168277227071557434e+01
6.171229673690123718e+01
6.174259877754125370e+01
6.177371193951613293e+01
6.180567090335308933e+01
6.183912856860459328e+01
6.187288786537260421e+01
6.190760526989012646e+01
6.194332090354865983e+01
6.198007690987424922e+01
6.201791731655830375e+01
6.205688817727072859e+01
6.209703772158894708e+01
6.213841651481875061e+01
6.218107761885220697e+01
6.222507676685935252e+01
6.227047254194565795e+01
6.231732656393388226e+01
6.236570368718663815e+01
6.241567220340925815e+01
6.246730405089373761e+01
6.252067503472971310e+01
6.257586505101465235e+01
6.263295831715276307e+01
6.269204360832888057e+01
6.275321449515720929e+01
6.281656959017098529e+01
6.288221278669858094e+01
6.295025349988044638e+01
6.302080691851418237e+01
6.309399422984090933e+01
6.316994285179792001e+01
6.324878666050017273e+01
6.333066619439188116e+01
6.341572885473902943e+01
6.350412908553607849e+01
6.359602853695201929e+01
6.369159620807236166e+01
6.379100856715874102e+01
6.389444964897840862e+01
6.400214211666279596e+01
6.411531591714583556e+01
6.423202558526564587e+01
6.435357677811569488e+01
6.448019178989409284e+01
6.461210044097907712e+01
6.474953996029825021e+01
6.489275483799201538e+01
6.504199664771238076e+01
6.519752384104459964e+01
6.535960150978695538e+01
6.552850113473118654e+01
6.570450029603257747e+01
6.588788238115849083e+01
6.607893626697959633e+01
6.627795599223888701e+01
6.648524042411435175e+01
6.670109292007090573e+01
6.692582099174367727e+01
6.715973596512434085e+01
6.740315266591022692e+01
6.765638909882801499e+01
6.791976615457770095e+01
6.819360734285707792e+01
6.847823852945849410e+01
6.877398771243461795e+01
6.908118483458150649e+01
6.940016160583618898e+01
6.973125137354213621e+01
7.007478901776045177e+01
7.043111089055379637e+01
7.080055477563900013e+01
7.118271584792721285e+01
7.157945595311556986e+01
7.199034528708668290e+01
7.241572788516086234e+01
7.285594952744975217e+01
7.331135788694763278e+01
7.378230272139265367e+01
7.426913605136654439e+01
7.477221240680763970e+01
7.529188906327368613e+01
7.582852628226599734e+01
7.638248762111402357e+01
7.695414018646303589e+01
7.754385496229198793e+01
7.815548911234613172e+01
7.878248590484847114e+01
7.942868489861962189e+01
8.009447578825587755e+01
8.078025360638723384e+01
8.148641923749076454e+01
8.221337959125223449e+01
8.296154814674756039e+01
8.373134509454395413e+01
8.452319774390967666e+01
8.533754085711237281e+01
8.617481694247821622e+01
8.703547657732279674e+01
8.791997878040336900e+01
8.882879123025921331e+01
8.976239064182811944e+01
9.072126308019812768e+01
9.170590424863537748e+01
9.271681974733117215e+01
9.375452543905950620e+01
9.481954772076542781e+01
9.591242381350990343e+01
9.703370205806540127e+01
9.818394221262735755e+01
9.936371571524450985e+01
1.005736060313317495e+02
1.018142088790417148e+02
1.030861325579987806e+02
1.043899981619856447e+02
1.057264400949929239e+02
1.070961059601505525e+02
1.084996572906935484e+02
1.099377695632773566e+02
1.114111325680043336e+02
1.129204506863547408e+02
1.144664432939833745e+02
1.160498448614285962e+02
1.176714055121576905e+02
1.193318911123788268e+02
